1 0.5216346153846154 0.7007211538461539 0.038461538461538464 0.036057692307692304
1 0.5769230769230769 0.6850961538461539 0.03365384615384615 0.038461538461538464
1 0.640625 0.6947115384615384 0.040865384615384616 0.04807692307692308
0 0.6802884615384616 0.7608173076923077 0.057692307692307696 0.05048076923076923
2 0.6826923076923077 0.7788461538461539 0.1346153846153846 0.09134615384615384
2 0.5072115384615384 0.75 0.0673076923076923 0.14903846153846154
2 0.5745192307692307 0.7451923076923077 0.07692307692307693 0.15865384615384615
2 0.6466346153846154 0.7415865384615384 0.07211538461538461 0.13221153846153846
1 0.5216346153846154 0.9555288461538461 0.038461538461538464 0.036057692307692304
1 0.5769230769230769 0.96875 0.03365384615384615 0.038461538461538464
1 0.640625 0.9591346153846154 0.040865384615384616 0.04807692307692308
0 0.6802884615384616 0.8954326923076923 0.057692307692307696 0.05048076923076923
2 0.6826923076923077 0.875 0.1346153846153846 0.09134615384615384
2 0.5072115384615384 0.9038461538461539 0.0673076923076923 0.14903846153846154
2 0.5745192307692307 0.9086538461538461 0.07692307692307693 0.15865384615384615
2 0.6466346153846154 0.9146634615384616 0.07211538461538461 0.13221153846153846