1 0.055288461538461536 0.46033653846153844 0.038461538461538464 0.04567307692307692
1 0.07692307692307693 0.453125 0.03365384615384615 0.055288461538461536
1 0.15144230769230768 0.47716346153846156 0.052884615384615384 0.05048076923076923
1 0.5384615384615384 0.44591346153846156 0.03365384615384615 0.040865384615384616
1 0.6466346153846154 0.42908653846153844 0.03365384615384615 0.040865384615384616
1 0.9471153846153846 0.42908653846153844 0.03365384615384615 0.04567307692307692
1 0.8509615384615384 0.43509615384615385 0.03365384615384615 0.04326923076923077
1 0.7584134615384616 0.4266826923076923 0.03125 0.04567307692307692
1 0.7247596153846154 0.43509615384615385 0.03125 0.04326923076923077
1 0.6778846153846154 0.44350961538461536 0.03365384615384615 0.040865384615384616
1 0.9855769230769231 0.4326923076923077 0.019230769230769232 0.04807692307692308