1 0.3557692307692308 0.25600961538461536 0.057692307692307696 0.0889423076923077
1 0.3245192307692308 0.3641826923076923 0.0625 0.07932692307692307
1 0.38221153846153844 0.2932692307692308 0.0673076923076923 0.07211538461538461
2 0.33413461538461536 0.43509615384615385 0.1346153846153846 0.21634615384615385
2 0.44711538461538464 0.4074519230769231 0.1875 0.28125
2 0.5625 0.36177884615384615 0.08653846153846154 0.23317307692307693
2 0.33533653846153844 0.2776442307692308 0.08413461538461539 0.10817307692307693
0 0.5552884615384616 0.2692307692307692 0.03365384615384615 0.038461538461538464
1 0.3557692307692308 0.0733173076923077 0.057692307692307696 0.0889423076923077
1 0.38221153846153844 0.03485576923076923 0.0673076923076923 0.06971153846153846
2 0.4483173076923077 0.03125 0.18990384615384615 0.0625
2 0.5637019230769231 0.042067307692307696 0.0889423076923077 0.08413461538461539
2 0.33413461538461536 0.052884615384615384 0.08653846153846154 0.10576923076923077
0 0.5552884615384616 0.057692307692307696 0.03365384615384615 0.038461538461538464