1 0.7884615384615384 0.2848557692307692 0.057692307692307696 0.057692307692307696
1 0.11658653846153846 0.4807692307692308 0.040865384615384616 0.055288461538461536
1 0.4543269230769231 0.5456730769230769 0.04807692307692308 0.05048076923076923
1 0.46875 0.5192307692307693 0.04807692307692308 0.04567307692307692
1 0.8413461538461539 0.31850961538461536 0.028846153846153848 0.038461538461538464
1 0.7367788461538461 0.42908653846153844 0.04567307692307692 0.038461538461538464
1 0.5504807692307693 0.3389423076923077 0.014423076923076924 0.016826923076923076
1 0.4879807692307692 0.3425480769230769 0.019230769230769232 0.019230769230769232
1 0.5108173076923077 0.33533653846153844 0.016826923076923076 0.019230769230769232
1 0.5288461538461539 0.34134615384615385 0.014423076923076924 0.016826923076923076
2 0.1201923076923077 0.5757211538461539 0.08653846153846154 0.23557692307692307
2 0.44350961538461536 0.6730769230769231 0.19471153846153846 0.26322115384615385
2 0.7956730769230769 0.4254807692307692 0.0673076923076923 0.33052884615384615
2 0.7920673076923077 0.48197115384615385 0.1466346153846154 0.15384615384615385
2 0.8521634615384616 0.3918269230769231 0.04567307692307692 0.17067307692307693
2 0.49278846153846156 0.5637019230769231 0.08173076923076923 0.12980769230769232
2 0.49158653846153844 0.3786057692307692 0.021634615384615384 0.08653846153846154
2 0.5564903846153846 0.3762019230769231 0.026442307692307692 0.09615384615384616
2 0.5300480769230769 0.3762019230769231 0.021634615384615384 0.09134615384615384
2 0.5108173076923077 0.375 0.021634615384615384 0.0985576923076923
1 0.7884615384615384 0.04326923076923077 0.057692307692307696 0.057692307692307696
1 0.8425480769230769 0.015625 0.03125 0.03125
1 0.5096153846153846 0.002403846153846154 0.019230769230769232 0.004807692307692308
2 0.4423076923076923 0.9266826923076923 0.1971153846153846 0.13701923076923078
2 0.796875 0.03485576923076923 0.06971153846153846 0.06971153846153846