1 0.078125 0.6502403846153846 0.12259615384615384 0.125
1 0.42788461538461536 0.6141826923076923 0.09615384615384616 0.10576923076923077
1 0.19831730769230768 0.359375 0.040865384615384616 0.038461538461538464
1 0.4182692307692308 0.5012019230769231 0.04807692307692308 0.04326923076923077
1 0.5276442307692307 0.39663461538461536 0.04567307692307692 0.04567307692307692
1 0.4495192307692308 0.38822115384615385 0.038461538461538464 0.03365384615384615
1 0.15144230769230768 0.3317307692307692 0.038461538461538464 0.03125
1 0.18389423076923078 0.3088942307692308 0.026442307692307692 0.03365384615384615
1 0.5637019230769231 0.38822115384615385 0.03125 0.03365384615384615
1 0.013221153846153846 0.2439903846153846 0.026442307692307692 0.055288461538461536
1 0.16826923076923078 0.22115384615384615 0.028846153846153848 0.02403846153846154
1 0.5252403846153846 0.328125 0.026442307692307692 0.02403846153846154
1 0.6153846153846154 0.40384615384615385 0.038461538461538464 0.040865384615384616
1 0.7692307692307693 0.40625 0.057692307692307696 0.055288461538461536
1 0.004807692307692308 0.36177884615384615 0.009615384615384616 0.057692307692307696
1 0.07692307692307693 0.96875 0.125 0.052884615384615384
1 0.15264423076923078 0.01201923076923077 0.040865384615384616 0.02403846153846154
1 0.18389423076923078 0.028846153846153848 0.026442307692307692 0.03365384615384615
1 0.013221153846153846 0.09495192307692307 0.026442307692307692 0.055288461538461536
1 0.16826923076923078 0.11538461538461539 0.028846153846153848 0.02403846153846154
1 0.5252403846153846 0.010817307692307692 0.026442307692307692 0.021634615384615384
1 0.006009615384615385 0.003605769230769231 0.01201923076923077 0.007211538461538462