1 0.8389423076923077 0.3016826923076923 0.0625 0.07692307692307693
1 0.5504807692307693 0.28365384615384615 0.09615384615384616 0.14182692307692307
1 0.09975961538461539 0.328125 0.07932692307692307 0.09615384615384616
1 0.2932692307692308 0.2848557692307692 0.08653846153846154 0.10096153846153846
2 0.1201923076923077 0.46153846153846156 0.16826923076923078 0.359375
2 0.2860576923076923 0.4723557692307692 0.1971153846153846 0.4675480769230769
2 0.6117788461538461 0.5036057692307693 0.30528846153846156 0.5588942307692307
2 0.8473557692307693 0.46875 0.15144230769230768 0.4170673076923077
1 0.8401442307692307 0.03365384615384615 0.06490384615384616 0.0673076923076923
1 0.5516826923076923 0.05889423076923077 0.0985576923076923 0.11778846153846154
1 0.0985576923076923 0.025240384615384616 0.08173076923076923 0.05048076923076923
1 0.29447115384615385 0.04807692307692308 0.0889423076923077 0.09615384615384616
2 0.28725961538461536 0.04567307692307692 0.19951923076923078 0.09134615384615384
2 0.6105769230769231 0.9375 0.3076923076923077 0.11538461538461539