1 0.7415865384615384 0.4483173076923077 0.13221153846153846 0.13701923076923078
1 0.36538461538461536 0.5 0.125 0.15865384615384615
1 0.2668269230769231 0.09615384615384616 0.04807692307692308 0.0673076923076923
1 0.4254807692307692 0.1310096153846154 0.0673076923076923 0.055288461538461536
1 0.43028846153846156 0.09014423076923077 0.052884615384615384 0.03125
2 0.24759615384615385 0.20072115384615385 0.19230769230769232 0.27163461538461536
2 0.33653846153846156 0.6838942307692307 0.3798076923076923 0.5216346153846154
2 0.6983173076923077 0.6057692307692307 0.29086538461538464 0.4519230769230769
2 0.45072115384615385 0.21514423076923078 0.15144230769230768 0.20432692307692307
1 0.9567307692307693 0.44711538461538464 0.07692307692307693 0.13942307692307693
1 0.007211538461538462 0.09735576923076923 0.014423076923076924 0.06971153846153846
2 0.052884615384615384 0.19951923076923078 0.10576923076923077 0.27403846153846156
2 0.055288461538461536 0.6826923076923077 0.11057692307692307 0.5240384615384616
2 0.9387019230769231 0.6069711538461539 0.11298076923076923 0.4543269230769231