1 0.6682692307692307 0.4543269230769231 0.1201923076923077 0.11778846153846154
1 0.7728365384615384 0.20793269230769232 0.13221153846153846 0.13221153846153846
1 0.6490384615384616 0.5685096153846154 0.10576923076923077 0.11538461538461539
1 0.6862980769230769 0.7007211538461539 0.12740384615384615 0.12980769230769232
1 0.6189903846153846 0.2247596153846154 0.12259615384615384 0.14182692307692307
2 0.23557692307692307 0.4951923076923077 0.4519230769230769 0.7055288461538461
2 0.6237980769230769 0.7524038461538461 0.27163461538461536 0.20192307692307693
2 0.6346153846153846 0.5901442307692307 0.22115384615384615 0.14903846153846154
2 0.796875 0.625 0.36778846153846156 0.4411057692307692
2 0.5276442307692307 0.3076923076923077 0.30528846153846156 0.32091346153846156
2 0.7211538461538461 0.2704326923076923 0.23076923076923078 0.2608173076923077
1 0.15504807692307693 0.21033653846153846 0.24759615384615385 0.13701923076923078
1 0.7728365384615384 0.0733173076923077 0.13221153846153846 0.13221153846153846
1 0.6850961538461539 0.9711538461538461 0.12980769230769232 0.04807692307692308
1 0.6177884615384616 0.06370192307692307 0.125 0.12740384615384615
2 0.23677884615384615 0.06971153846153846 0.4543269230769231 0.13942307692307693
2 0.6225961538461539 0.9278846153846154 0.27403846153846156 0.1346153846153846
2 0.7956730769230769 0.9314903846153846 0.3701923076923077 0.12740384615384615
2 0.5264423076923077 0.0673076923076923 0.3076923076923077 0.1346153846153846
2 0.7223557692307693 0.07091346153846154 0.23317307692307693 0.14182692307692307
1 0.15504807692307693 0.07091346153846154 0.24759615384615385 0.13701923076923078