1 0.34375 0.3004807692307692 0.19230769230769232 0.2091346153846154
1 0.5216346153846154 0.43990384615384615 0.08653846153846154 0.0889423076923077
1 0.4026442307692308 0.421875 0.0985576923076923 0.1201923076923077
1 0.5685096153846154 0.5072115384615384 0.05048076923076923 0.05048076923076923
1 0.3389423076923077 0.4375 0.04326923076923077 0.036057692307692304
2 0.21634615384615385 0.5228365384615384 0.39903846153846156 0.6021634615384616
2 0.3713942307692308 0.5949519230769231 0.19951923076923078 0.4579326923076923
2 0.5528846153846154 0.5588942307692307 0.12980769230769232 0.14903846153846154
2 0.47596153846153844 0.5769230769230769 0.17307692307692307 0.3641826923076923
1 0.3449519230769231 0.07211538461538461 0.19471153846153846 0.14423076923076922
2 0.21754807692307693 0.05889423076923077 0.4014423076923077 0.11778846153846154
2 0.21754807692307693 0.9134615384615384 0.4014423076923077 0.16346153846153846
2 0.3701923076923077 0.9134615384615384 0.20192307692307693 0.16346153846153846
2 0.47716346153846156 0.9459134615384616 0.17548076923076922 0.0985576923076923