1 0.25721153846153844 0.40384615384615385 0.08173076923076923 0.0985576923076923
1 0.7920673076923077 0.36177884615384615 0.06971153846153846 0.07211538461538461
1 0.4026442307692308 0.34375 0.05048076923076923 0.07451923076923077
1 0.0829326923076923 0.30288461538461536 0.04567307692307692 0.06490384615384616
2 0.07572115384615384 0.4206730769230769 0.11778846153846154 0.33533653846153844
2 0.2704326923076923 0.5420673076923077 0.31490384615384615 0.390625
2 0.3798076923076923 0.47716346153846156 0.10576923076923077 0.36177884615384615
2 0.7920673076923077 0.5528846153846154 0.24759615384615385 0.45552884615384615
1 0.4014423076923077 0.014423076923076924 0.052884615384615384 0.028846153846153848
1 0.0829326923076923 0.03245192307692308 0.04567307692307692 0.06490384615384616
2 0.07451923076923077 0.040865384615384616 0.1201923076923077 0.08173076923076923
2 0.7908653846153846 0.9362980769230769 0.25 0.11778846153846154