1 0.30288461538461536 0.29086538461538464 0.052884615384615384 0.06009615384615385
1 0.43509615384615385 0.26802884615384615 0.0625 0.057692307692307696
1 0.7608173076923077 0.21754807692307693 0.040865384615384616 0.04567307692307692
1 0.8786057692307693 0.2860576923076923 0.040865384615384616 0.04567307692307692
1 0.7584134615384616 0.4387019230769231 0.10336538461538461 0.125
2 0.71875 0.5552884615384616 0.3076923076923077 0.34975961538461536
2 0.2800480769230769 0.3389423076923077 0.2091346153846154 0.17548076923076922
2 0.4495192307692308 0.3329326923076923 0.12980769230769232 0.1778846153846154
2 0.7524038461538461 0.28966346153846156 0.09615384615384616 0.1778846153846154
2 0.8665865384615384 0.328125 0.09375 0.12980769230769232
1 0.30288461538461536 0.039663461538461536 0.052884615384615384 0.06009615384615385
1 0.43509615384615385 0.06009615384615385 0.0625 0.057692307692307696
1 0.7608173076923077 0.11177884615384616 0.040865384615384616 0.04567307692307692
1 0.8786057692307693 0.04447115384615385 0.040865384615384616 0.04567307692307692
2 0.27884615384615385 0.039663461538461536 0.21153846153846154 0.07932692307692307
2 0.45072115384615385 0.04326923076923077 0.13221153846153846 0.08653846153846154
2 0.7536057692307693 0.06490384615384616 0.0985576923076923 0.12980769230769232
2 0.8653846153846154 0.03365384615384615 0.09615384615384616 0.0673076923076923