1 0.06009615384615385 0.27403846153846156 0.07211538461538461 0.10336538461538461
1 0.30649038461538464 0.3293269230769231 0.07451923076923077 0.0985576923076923
1 0.2091346153846154 0.30649038461538464 0.07211538461538461 0.10096153846153846
1 0.4411057692307692 0.36177884615384615 0.0889423076923077 0.11538461538461539
1 0.6394230769230769 0.3329326923076923 0.057692307692307696 0.08173076923076923
0 0.5925480769230769 0.30288461538461536 0.07451923076923077 0.08413461538461539
2 0.07572115384615384 0.5060096153846154 0.15144230769230768 0.5540865384615384
2 0.20432692307692307 0.5144230769230769 0.12980769230769232 0.5132211538461539
2 0.32211538461538464 0.53125 0.12980769230769232 0.4987980769230769
2 0.4567307692307692 0.5132211538461539 0.14903846153846154 0.41947115384615385
2 0.5961538461538461 0.42908653846153844 0.13942307692307693 0.3233173076923077
2 0.6634615384615384 0.4050480769230769 0.09615384615384616 0.21634615384615385
1 0.06009615384615385 0.051682692307692304 0.07211538461538461 0.10336538461538461
1 0.30528846153846156 0.02283653846153846 0.07692307692307693 0.04567307692307692
1 0.21033653846153846 0.03485576923076923 0.07451923076923077 0.06971153846153846
1 0.43990384615384615 0.010817307692307692 0.09134615384615384 0.021634615384615384
1 0.640625 0.016826923076923076 0.06009615384615385 0.03365384615384615
0 0.5913461538461539 0.03245192307692308 0.07692307692307693 0.06490384615384616
2 0.3233173076923077 0.9423076923076923 0.13221153846153846 0.10576923076923077