1 0.5228365384615384 0.4338942307692308 0.06490384615384616 0.07451923076923077
1 0.6466346153846154 0.44591346153846156 0.11538461538461539 0.11778846153846154
1 0.43990384615384615 0.4723557692307692 0.04807692307692308 0.06009615384615385
1 0.3918269230769231 0.4639423076923077 0.038461538461538464 0.04807692307692308
1 0.36899038461538464 0.4807692307692308 0.03125 0.02403846153846154
1 0.33774038461538464 0.4795673076923077 0.021634615384615384 0.021634615384615384
2 0.7223557692307693 0.6141826923076923 0.2764423076923077 0.4206730769230769
2 0.5516826923076923 0.6105769230769231 0.15144230769230768 0.4230769230769231
2 0.46153846153846156 0.6201923076923077 0.09134615384615384 0.3701923076923077
2 0.40384615384615385 0.5985576923076923 0.0625 0.3076923076923077
2 0.3641826923076923 0.5600961538461539 0.040865384615384616 0.1875
2 0.33653846153846156 0.5372596153846154 0.03365384615384615 0.13701923076923078
2 0.7211538461538461 0.9122596153846154 0.27884615384615385 0.1658653846153846
2 0.5504807692307693 0.9134615384615384 0.15384615384615385 0.16346153846153846
2 0.46274038461538464 0.921875 0.09375 0.1466346153846154
2 0.4050480769230769 0.9483173076923077 0.06490384615384616 0.09375