1 0.07572115384615384 0.4495192307692308 0.016826923076923076 0.019230769230769232
1 0.44471153846153844 0.4338942307692308 0.019230769230769232 0.016826923076923076
1 0.5096153846153846 0.4963942307692308 0.02403846153846154 0.021634615384615384
1 0.8076923076923077 0.5108173076923077 0.028846153846153848 0.036057692307692304
1 0.9314903846153846 0.5168269230769231 0.036057692307692304 0.03365384615384615
1 0.6730769230769231 0.44471153846153844 0.014423076923076924 0.014423076923076924
1 0.6610576923076923 0.4375 0.014423076923076924 0.014423076923076924
1 0.25 0.4014423076923077 0.009615384615384616 0.014423076923076924
1 0.23557692307692307 0.4098557692307692 0.009615384615384616 0.01201923076923077
2 0.06971153846153846 0.4879807692307692 0.038461538461538464 0.09134615384615384
2 0.23557692307692307 0.43028846153846156 0.014423076923076924 0.057692307692307696
2 0.2536057692307692 0.4230769230769231 0.016826923076923076 0.04807692307692308
2 0.5120192307692307 0.5504807692307693 0.038461538461538464 0.1346153846153846
2 0.4387019230769231 0.4567307692307692 0.03125 0.0673076923076923
2 0.6802884615384616 0.4831730769230769 0.028846153846153848 0.09134615384615384
2 0.6586538461538461 0.4699519230769231 0.019230769230769232 0.07932692307692307
2 0.8052884615384616 0.5769230769230769 0.07211538461538461 0.15384615384615385
2 0.9399038461538461 0.6045673076923077 0.10096153846153846 0.19951923076923078
1 0.07572115384615384 0.12259615384615384 0.016826923076923076 0.019230769230769232
1 0.07572115384615384 0.9591346153846154 0.016826923076923076 0.019230769230769232
1 0.44471153846153844 0.140625 0.019230769230769232 0.016826923076923076
1 0.44471153846153844 0.9771634615384616 0.019230769230769232 0.016826923076923076
1 0.5096153846153846 0.078125 0.02403846153846154 0.021634615384615384
1 0.5096153846153846 0.9146634615384616 0.02403846153846154 0.021634615384615384
1 0.8076923076923077 0.06370192307692307 0.028846153846153848 0.036057692307692304
1 0.8076923076923077 0.9002403846153846 0.028846153846153848 0.036057692307692304
1 0.9314903846153846 0.055288461538461536 0.036057692307692304 0.03365384615384615
1 0.9314903846153846 0.8918269230769231 0.036057692307692304 0.03365384615384615
1 0.6730769230769231 0.12740384615384615 0.014423076923076924 0.014423076923076924
1 0.6730769230769231 0.9639423076923077 0.014423076923076924 0.014423076923076924
1 0.6610576923076923 0.1346153846153846 0.014423076923076924 0.014423076923076924
1 0.6610576923076923 0.9711538461538461 0.014423076923076924 0.014423076923076924
1 0.25 0.17067307692307693 0.009615384615384616 0.014423076923076924
1 0.23557692307692307 0.16466346153846154 0.009615384615384616 0.01201923076923077
1 0.23677884615384615 0.9939903846153846 0.01201923076923077 0.002403846153846154
2 0.06971153846153846 0.08413461538461539 0.038461538461538464 0.09134615384615384
2 0.06971153846153846 0.9206730769230769 0.038461538461538464 0.09134615384615384
2 0.23557692307692307 0.14182692307692307 0.014423076923076924 0.057692307692307696
2 0.23677884615384615 0.9723557692307693 0.016826923076923076 0.04567307692307692
2 0.2536057692307692 0.14903846153846154 0.016826923076923076 0.04807692307692308
2 0.25240384615384615 0.9783653846153846 0.019230769230769232 0.03365384615384615
2 0.5132211538461539 0.04567307692307692 0.040865384615384616 0.09134615384615384
2 0.5120192307692307 0.8581730769230769 0.038461538461538464 0.1346153846153846
2 0.4387019230769231 0.11538461538461539 0.03125 0.0673076923076923
2 0.4387019230769231 0.9519230769230769 0.03125 0.0673076923076923
2 0.6802884615384616 0.0889423076923077 0.028846153846153848 0.09134615384615384
2 0.6802884615384616 0.9254807692307693 0.028846153846153848 0.09134615384615384
2 0.6586538461538461 0.1045673076923077 0.019230769230769232 0.07932692307692307
2 0.6586538461538461 0.9411057692307693 0.019230769230769232 0.07932692307692307
2 0.8064903846153846 0.037259615384615384 0.07451923076923077 0.07451923076923077
2 0.8052884615384616 0.8317307692307693 0.07211538461538461 0.15384615384615385
2 0.9411057692307693 0.03485576923076923 0.10336538461538461 0.06971153846153846
2 0.9399038461538461 0.8064903846153846 0.10096153846153846 0.19951923076923078