1 0.5144230769230769 0.40384615384615385 0.052884615384615384 0.052884615384615384
1 0.7103365384615384 0.46875 0.06009615384615385 0.0625
1 0.9086538461538461 0.39903846153846156 0.07211538461538461 0.0673076923076923
1 0.3701923076923077 0.48197115384615385 0.052884615384615384 0.06009615384615385
1 0.6658653846153846 0.40384615384615385 0.052884615384615384 0.057692307692307696
1 0.5480769230769231 0.4543269230769231 0.0673076923076923 0.0625
1 0.2692307692307692 0.45552884615384615 0.04326923076923077 0.05048076923076923
1 0.25721153846153844 0.3762019230769231 0.04326923076923077 0.04567307692307692
1 0.028846153846153848 0.44471153846153844 0.04326923076923077 0.03365384615384615
1 0.04567307692307692 0.41466346153846156 0.03365384615384615 0.03125
1 0.10096153846153846 0.4375 0.04326923076923077 0.04326923076923077
1 0.1310096153846154 0.3942307692307692 0.040865384615384616 0.03365384615384615
2 0.3762019230769231 0.5492788461538461 0.11298076923076923 0.18990384615384615
2 0.5348557692307693 0.5408653846153846 0.14182692307692307 0.21634615384615385
2 0.6850961538461539 0.5432692307692307 0.1346153846153846 0.22115384615384615
0 0.8329326923076923 0.45072115384615385 0.07932692307692307 0.07932692307692307
2 0.036057692307692304 0.4987980769230769 0.07211538461538461 0.14182692307692307
2 0.12740384615384615 0.4963942307692308 0.09615384615384616 0.14182692307692307
2 0.2824519230769231 0.5264423076923077 0.10336538461538461 0.18269230769230768
1 0.20432692307692307 0.44711538461538464 0.03365384615384615 0.04326923076923077
2 0.2127403846153846 0.5180288461538461 0.08413461538461539 0.18028846153846154
2 0.27283653846153844 0.3954326923076923 0.09375 0.08413461538461539
1 0.1935096153846154 0.39302884615384615 0.040865384615384616 0.036057692307692304
2 0.1935096153846154 0.4050480769230769 0.06971153846153846 0.06490384615384616
2 0.13822115384615385 0.42908653846153844 0.05048076923076923 0.09375
2 0.06129807692307692 0.4375 0.055288461538461536 0.07211538461538461
2 0.8137019230769231 0.53125 0.12259615384615384 0.2403846153846154
2 0.5 0.41586538461538464 0.10576923076923077 0.07692307692307693
1 0.515625 0.02403846153846154 0.055288461538461536 0.04807692307692308
1 0.9098557692307693 0.030048076923076924 0.07451923076923077 0.06009615384615385
1 0.6670673076923077 0.025240384615384616 0.055288461538461536 0.05048076923076923
1 0.25721153846153844 0.04927884615384615 0.04326923076923077 0.04567307692307692
1 0.046875 0.013221153846153846 0.036057692307692304 0.026442307692307692
1 0.10216346153846154 0.004807692307692308 0.04567307692307692 0.009615384615384616
1 0.1310096153846154 0.028846153846153848 0.040865384615384616 0.03365384615384615
2 0.375 0.9555288461538461 0.11538461538461539 0.07932692307692307
2 0.5336538461538461 0.953125 0.14423076923076922 0.08413461538461539
2 0.6862980769230769 0.9507211538461539 0.13701923076923078 0.0889423076923077
0 0.8317307692307693 0.007211538461538462 0.08173076923076923 0.014423076923076924
2 0.28125 0.96875 0.10576923076923077 0.052884615384615384
2 0.21153846153846154 0.9735576923076923 0.08653846153846154 0.04326923076923077
2 0.27163461538461536 0.036057692307692304 0.09615384615384616 0.07211538461538461
1 0.1935096153846154 0.03245192307692308 0.040865384615384616 0.036057692307692304
2 0.19230769230769232 0.026442307692307692 0.07211538461538461 0.052884615384615384
2 0.13701923076923078 0.021634615384615384 0.052884615384615384 0.04326923076923077
2 0.06009615384615385 0.01201923076923077 0.057692307692307696 0.02403846153846154
2 0.8125 0.9519230769230769 0.125 0.08653846153846154
2 0.5012019230769231 0.02403846153846154 0.10817307692307693 0.04807692307692308