1 0.703125 0.25961538461538464 0.12259615384615384 0.17067307692307693
1 0.3112980769230769 0.2403846153846154 0.11778846153846154 0.14903846153846154
2 0.296875 0.49399038461538464 0.3004807692307692 0.6550480769230769
2 0.7079326923076923 0.5036057692307693 0.2283653846153846 0.6454326923076923
2 0.12740384615384615 0.4987980769230769 0.13942307692307693 0.3329326923076923
1 0.7019230769230769 0.078125 0.125 0.15625
1 0.3112980769230769 0.08653846153846154 0.11778846153846154 0.14903846153846154
2 0.2956730769230769 0.08173076923076923 0.30288461538461536 0.16346153846153846
2 0.2956730769230769 0.9182692307692307 0.30288461538461536 0.15384615384615385
2 0.7067307692307693 0.07451923076923077 0.23076923076923078 0.14903846153846154
2 0.7067307692307693 0.9158653846153846 0.23076923076923078 0.15865384615384615