1 0.1045673076923077 0.4651442307692308 0.06971153846153846 0.08173076923076923
1 0.16706730769230768 0.4182692307692308 0.05048076923076923 0.06971153846153846
1 0.2283653846153846 0.4519230769230769 0.057692307692307696 0.07932692307692307
1 0.4050480769230769 0.4567307692307692 0.06490384615384616 0.0889423076923077
1 0.20793269230769232 0.375 0.055288461538461536 0.06009615384615385
1 0.2439903846153846 0.33774038461538464 0.055288461538461536 0.057692307692307696
1 0.30528846153846156 0.33653846153846156 0.04807692307692308 0.06009615384615385
1 0.46634615384615385 0.30408653846153844 0.04807692307692308 0.057692307692307696
1 0.4951923076923077 0.36658653846153844 0.04807692307692308 0.07692307692307693
1 0.5168269230769231 0.43990384615384615 0.057692307692307696 0.07932692307692307
1 0.5697115384615384 0.47596153846153844 0.0673076923076923 0.0889423076923077
1 0.5673076923076923 0.3245192307692308 0.052884615384615384 0.06971153846153846
1 0.7379807692307693 0.453125 0.057692307692307696 0.07211538461538461
1 0.6947115384615384 0.40024038461538464 0.052884615384615384 0.0625
1 0.8894230769230769 0.47836538461538464 0.08173076923076923 0.0985576923076923
2 0.08413461538461539 0.6286057692307693 0.14423076923076922 0.3954326923076923
2 0.23197115384615385 0.6201923076923077 0.14182692307692307 0.4170673076923077
2 0.4050480769230769 0.6201923076923077 0.18990384615384615 0.4170673076923077
2 0.5757211538461539 0.6237980769230769 0.15625 0.40024038461538464
2 0.6959134615384616 0.6322115384615384 0.13701923076923078 0.39302884615384615
2 0.7704326923076923 0.6201923076923077 0.12259615384615384 0.4074519230769231
2 0.8990384615384616 0.6262019230769231 0.1875 0.4050480769230769
2 0.1622596153846154 0.45552884615384615 0.0985576923076923 0.14423076923076922
2 0.3004807692307692 0.47836538461538464 0.10576923076923077 0.13701923076923078
2 0.5216346153846154 0.47836538461538464 0.12980769230769232 0.15144230769230768
2 0.7067307692307693 0.4543269230769231 0.16346153846153846 0.16105769230769232
2 0.3485576923076923 0.39302884615384615 0.09134615384615384 0.11538461538461539
2 0.49158653846153844 0.4074519230769231 0.12259615384615384 0.14423076923076922
2 0.578125 0.3701923076923077 0.11778846153846154 0.17067307692307693
2 0.4651442307692308 0.3425480769230769 0.10817307692307693 0.1346153846153846
2 0.30649038461538464 0.35336538461538464 0.06971153846153846 0.0985576923076923
2 0.23918269230769232 0.359375 0.06971153846153846 0.09615384615384616
2 0.19951923076923078 0.3918269230769231 0.0625 0.0985576923076923
1 0.24278846153846154 0.010817307692307692 0.057692307692307696 0.021634615384615384
1 0.30649038461538464 0.01201923076923077 0.05048076923076923 0.02403846153846154
1 0.4675480769230769 0.027644230769230768 0.05048076923076923 0.055288461538461536
1 0.5685096153846154 0.020432692307692308 0.055288461538461536 0.040865384615384616
2 0.08533653846153846 0.9158653846153846 0.1466346153846154 0.15865384615384615
2 0.23076923076923078 0.9146634615384616 0.14423076923076922 0.16105769230769232
2 0.40384615384615385 0.9146634615384616 0.19230769230769232 0.16105769230769232
2 0.5745192307692307 0.9170673076923077 0.15865384615384615 0.15625
2 0.6947115384615384 0.9146634615384616 0.13942307692307693 0.16105769230769232
2 0.7692307692307693 0.9170673076923077 0.125 0.15625
2 0.9002403846153846 0.9146634615384616 0.18990384615384615 0.16105769230769232
2 0.5769230769230769 0.02283653846153846 0.1201923076923077 0.04567307692307692
2 0.4639423076923077 0.027644230769230768 0.11057692307692307 0.055288461538461536
2 0.30528846153846156 0.013221153846153846 0.07211538461538461 0.026442307692307692
2 0.23798076923076922 0.009615384615384616 0.07211538461538461 0.019230769230769232