1 0.1658653846153846 0.23076923076923078 0.11057692307692307 0.11538461538461539
1 0.46634615384615385 0.40865384615384615 0.03365384615384615 0.04567307692307692
1 0.6887019230769231 0.43509615384615385 0.04567307692307692 0.05048076923076923
1 0.8221153846153846 0.421875 0.057692307692307696 0.057692307692307696
2 0.15625 0.5048076923076923 0.2403846153846154 0.6478365384615384
2 0.4639423076923077 0.49278846153846156 0.08653846153846154 0.21875
2 0.6382211538461539 0.5372596153846154 0.13221153846153846 0.265625
2 0.8485576923076923 0.5192307692307693 0.11538461538461539 0.2536057692307692
1 0.1658653846153846 0.09615384615384616 0.11057692307692307 0.11538461538461539
2 0.15745192307692307 0.07451923076923077 0.24278846153846154 0.14903846153846154
2 0.15745192307692307 0.9146634615384616 0.24278846153846154 0.16105769230769232