0 0.4074519230769231 0.3112980769230769 0.06971153846153846 0.09615384615384616
0 0.8509615384615384 0.29447115384615385 0.07211538461538461 0.08653846153846154
0 0.734375 0.2668269230769231 0.0985576923076923 0.12259615384615384
0 0.5024038461538461 0.2920673076923077 0.10096153846153846 0.1201923076923077
0 0.25240384615384615 0.3449519230769231 0.10096153846153846 0.125
0 0.6286057692307693 0.3112980769230769 0.04567307692307692 0.057692307692307696
0 0.40625 0.03365384615384615 0.07211538461538461 0.0673076923076923
0 0.8521634615384616 0.039663461538461536 0.07451923076923077 0.07932692307692307
0 0.734375 0.06370192307692307 0.0985576923076923 0.12259615384615384
0 0.5036057692307693 0.04927884615384615 0.10336538461538461 0.0985576923076923
0 0.2536057692307692 0.02403846153846154 0.10336538461538461 0.04807692307692308
0 0.6274038461538461 0.02403846153846154 0.04807692307692308 0.04807692307692308