0 0.4170673076923077 0.38221153846153844 0.06009615384615385 0.08173076923076923
0 0.08052884615384616 0.31971153846153844 0.16105769230769232 0.20673076923076922
0 0.21514423076923078 0.3233173076923077 0.10817307692307693 0.10817307692307693
0 0.5060096153846154 0.3786057692307692 0.06490384615384616 0.07932692307692307
0 0.609375 0.359375 0.06971153846153846 0.09375
0 0.7319711538461539 0.3473557692307692 0.08413461538461539 0.10817307692307693
0 0.8509615384615384 0.3581730769230769 0.11538461538461539 0.12980769230769232
0 0.7980769230769231 0.34134615384615385 0.04807692307692308 0.09134615384615384
0 0.4170673076923077 0.05048076923076923 0.06009615384615385 0.08173076923076923
0 0.08052884615384616 0.11298076923076923 0.16105769230769232 0.20673076923076922
0 0.21514423076923078 0.11177884615384616 0.10817307692307693 0.10817307692307693
0 0.5060096153846154 0.056490384615384616 0.06490384615384616 0.07932692307692307
0 0.609375 0.07572115384615384 0.06971153846153846 0.09375
0 0.7319711538461539 0.08774038461538461 0.08413461538461539 0.10817307692307693
0 0.8509615384615384 0.07451923076923077 0.11538461538461539 0.12980769230769232
0 0.7980769230769231 0.09134615384615384 0.04807692307692308 0.09134615384615384