1 0.33774038461538464 0.31490384615384615 0.1466346153846154 0.1778846153846154
1 0.7475961538461539 0.4170673076923077 0.0673076923076923 0.07932692307692307
1 0.4495192307692308 0.45072115384615385 0.0673076923076923 0.08413461538461539
1 0.671875 0.4891826923076923 0.055288461538461536 0.06971153846153846
1 0.11177884615384616 0.4891826923076923 0.040865384615384616 0.05048076923076923
1 0.5264423076923077 0.5036057692307693 0.038461538461538464 0.04567307692307692
1 0.6177884615384616 0.5072115384615384 0.03365384615384615 0.038461538461538464
2 0.12620192307692307 0.5829326923076923 0.11778846153846154 0.23798076923076922
2 0.8004807692307693 0.6033653846153846 0.1778846153846154 0.44711538461538464
2 0.6754807692307693 0.6033653846153846 0.08653846153846154 0.30288461538461536
2 0.6165865384615384 0.5733173076923077 0.05048076923076923 0.1658653846153846
2 0.5276442307692307 0.6021634615384616 0.06971153846153846 0.23798076923076922
2 0.4495192307692308 0.6189903846153846 0.09615384615384616 0.4206730769230769
2 0.29447115384615385 0.5216346153846154 0.23798076923076922 0.6057692307692307
1 0.33653846153846156 0.04927884615384615 0.14903846153846154 0.0985576923076923
2 0.8016826923076923 0.9146634615384616 0.18028846153846154 0.16105769230769232
2 0.6766826923076923 0.9507211538461539 0.0889423076923077 0.0889423076923077
2 0.5264423076923077 0.9675480769230769 0.07211538461538461 0.055288461538461536
2 0.45072115384615385 0.9134615384615384 0.0985576923076923 0.16346153846153846
2 0.2932692307692308 0.9158653846153846 0.2403846153846154 0.15865384615384615