1 0.3545673076923077 0.12379807692307693 0.06009615384615385 0.07451923076923077
1 0.5048076923076923 0.04807692307692308 0.07692307692307693 0.07692307692307693
1 0.3245192307692308 0.33653846153846156 0.057692307692307696 0.08653846153846154
1 0.6814903846153846 0.6225961538461539 0.06971153846153846 0.07692307692307693
1 0.6598557692307693 0.11057692307692307 0.0985576923076923 0.07692307692307693
2 0.6550480769230769 0.7692307692307693 0.25240384615384615 0.3701923076923077
2 0.3137019230769231 0.49399038461538464 0.18028846153846154 0.39663461538461536
2 0.6478365384615384 0.31971153846153844 0.15144230769230768 0.5096153846153846
2 0.49399038461538464 0.2247596153846154 0.1658653846153846 0.4206730769230769
2 0.3473557692307692 0.20192307692307693 0.12259615384615384 0.22596153846153846
1 0.014423076923076924 0.12259615384615384 0.028846153846153848 0.07692307692307693
1 0.027644230769230768 0.33653846153846156 0.055288461538461536 0.08653846153846154
1 0.953125 0.6225961538461539 0.06971153846153846 0.07692307692307693
1 0.9591346153846154 0.11177884615384616 0.07211538461538461 0.07932692307692307
2 0.9230769230769231 0.7704326923076923 0.14423076923076922 0.37259615384615385
2 0.06490384615384616 0.49278846153846156 0.12980769230769232 0.39903846153846156
2 0.9519230769230769 0.32091346153846156 0.08653846153846154 0.5120192307692307
2 0.03365384615384615 0.203125 0.0673076923076923 0.2283653846153846