1 0.47475961538461536 0.4963942307692308 0.11778846153846154 0.10576923076923077
1 0.3942307692307692 0.38221153846153844 0.08173076923076923 0.07932692307692307
1 0.8353365384615384 0.4495192307692308 0.06009615384615385 0.07932692307692307
1 0.6286057692307693 0.5757211538461539 0.14182692307692307 0.125
1 0.7415865384615384 0.47836538461538464 0.06971153846153846 0.07451923076923077
1 0.48677884615384615 0.4519230769230769 0.09375 0.055288461538461536
1 0.2644230769230769 0.40024038461538464 0.0673076923076923 0.0625
2 0.7824519230769231 0.5516826923076923 0.1658653846153846 0.28966346153846156
2 0.6862980769230769 0.4963942307692308 0.19471153846153846 0.1346153846153846
2 0.5456730769230769 0.6634615384615384 0.3557692307692308 0.26322115384615385
2 0.234375 0.5697115384615384 0.14182692307692307 0.421875
2 0.36177884615384615 0.5396634615384616 0.11298076923076923 0.4050480769230769
2 0.4543269230769231 0.6069711538461539 0.16826923076923078 0.31850961538461536
2 0.546875 0.9290865384615384 0.3581730769230769 0.13221153846153846
2 0.23317307692307693 0.9362980769230769 0.14423076923076922 0.11778846153846154
2 0.3605769230769231 0.9555288461538461 0.11538461538461539 0.07932692307692307
2 0.45552884615384615 0.9435096153846154 0.17067307692307693 0.10336538461538461