1 0.7295673076923077 0.34615384615384615 0.19471153846153846 0.23076923076923078
1 0.36177884615384615 0.48677884615384615 0.06971153846153846 0.07932692307692307
1 0.171875 0.46634615384615385 0.0985576923076923 0.125
1 0.24759615384615385 0.48677884615384615 0.08653846153846154 0.11298076923076923
1 0.49399038461538464 0.47475961538461536 0.05048076923076923 0.055288461538461536
1 0.10817307692307693 0.4182692307692308 0.057692307692307696 0.08173076923076923
1 0.43149038461538464 0.4891826923076923 0.06490384615384616 0.06971153846153846
1 0.6526442307692307 0.4014423076923077 0.07932692307692307 0.09134615384615384
1 0.3329326923076923 0.4483173076923077 0.036057692307692304 0.036057692307692304
0 0.020432692307692308 0.45072115384615385 0.040865384615384616 0.06971153846153846
0 0.039663461538461536 0.3942307692307692 0.05048076923076923 0.0625
1 0.7283653846153846 0.027644230769230768 0.1971153846153846 0.055288461538461536