1 0.6165865384615384 0.33774038461538464 0.09375 0.10576923076923077
1 0.8882211538461539 0.3401442307692308 0.11778846153846154 0.12980769230769232
0 0.3425480769230769 0.37259615384615385 0.07932692307692307 0.09375
2 0.3161057692307692 0.5384615384615384 0.31490384615384615 0.4266826923076923
2 0.5108173076923077 0.5372596153846154 0.3629807692307692 0.48677884615384615
2 0.7548076923076923 0.5444711538461539 0.47596153846153844 0.5204326923076923
1 0.6153846153846154 0.046875 0.09615384615384616 0.09375
1 0.8870192307692307 0.051682692307692304 0.1201923076923077 0.10336538461538461
0 0.34134615384615385 0.026442307692307692 0.08173076923076923 0.052884615384615384
2 0.31490384615384615 0.9290865384615384 0.3173076923076923 0.13221153846153846
2 0.5096153846153846 0.9146634615384616 0.36538461538461536 0.16105769230769232
2 0.7560096153846154 0.9026442307692307 0.47836538461538464 0.18509615384615385