1 0.265625 0.31490384615384615 0.06490384615384616 0.0889423076923077
1 0.2127403846153846 0.3137019230769231 0.055288461538461536 0.07211538461538461
1 0.5084134615384616 0.3329326923076923 0.06971153846153846 0.08653846153846154
1 0.7127403846153846 0.3112980769230769 0.07932692307692307 0.10096153846153846
1 0.41225961538461536 0.31850961538461536 0.06971153846153846 0.09134615384615384
1 0.36538461538461536 0.328125 0.04807692307692308 0.08173076923076923
2 0.06370192307692307 0.5 0.12740384615384615 0.546875
2 0.7319711538461539 0.5228365384615384 0.12259615384615384 0.5252403846153846
2 0.5264423076923077 0.5384615384615384 0.125 0.49399038461538464
2 0.3762019230769231 0.5552884615384616 0.18509615384615385 0.5516826923076923
2 0.25240384615384615 0.4891826923076923 0.1201923076923077 0.42908653846153844
2 0.19230769230769232 0.47596153846153844 0.10576923076923077 0.39302884615384615
1 0.2644230769230769 0.030048076923076924 0.0673076923076923 0.06009615384615385
1 0.21153846153846154 0.026442307692307692 0.057692307692307696 0.052884615384615384
1 0.5072115384615384 0.020432692307692308 0.07211538461538461 0.040865384615384616
1 0.7115384615384616 0.03485576923076923 0.08173076923076923 0.06971153846153846
1 0.4110576923076923 0.028846153846153848 0.07211538461538461 0.057692307692307696
1 0.36658653846153844 0.021634615384615384 0.05048076923076923 0.04326923076923077
2 0.7307692307692307 0.9375 0.125 0.11538461538461539
2 0.5276442307692307 0.9375 0.12740384615384615 0.11538461538461539
2 0.375 0.9146634615384616 0.1875 0.16105769230769232