1 0.7427884615384616 0.4338942307692308 0.15865384615384615 0.1466346153846154
1 0.5132211538461539 0.4411057692307692 0.0985576923076923 0.10336538461538461
1 0.4543269230769231 0.29927884615384615 0.10576923076923077 0.11298076923076923
1 0.19951923076923078 0.328125 0.10576923076923077 0.11298076923076923
2 0.33052884615384615 0.5877403846153846 0.1658653846153846 0.17548076923076922
0 0.2848557692307692 0.5336538461538461 0.06971153846153846 0.07211538461538461
2 0.7860576923076923 0.5564903846153846 0.36538461538461536 0.4014423076923077
2 0.5504807692307693 0.5180288461538461 0.1971153846153846 0.25721153846153844
2 0.5108173076923077 0.32572115384615385 0.23798076923076922 0.1658653846153846
2 0.23076923076923078 0.38341346153846156 0.3557692307692308 0.23317307692307693
1 0.45552884615384615 0.04326923076923077 0.10817307692307693 0.08653846153846154
1 0.20072115384615385 0.028846153846153848 0.10817307692307693 0.057692307692307696
2 0.7872596153846154 0.9471153846153846 0.36778846153846156 0.09615384615384616
2 0.5096153846153846 0.04326923076923077 0.2403846153846154 0.08653846153846154
2 0.23197115384615385 0.03125 0.3581730769230769 0.0625