0 0.5132211538461539 0.33052884615384615 0.06971153846153846 0.07932692307692307
0 0.8930288461538461 0.27884615384615385 0.11778846153846154 0.1201923076923077
0 0.6490384615384616 0.3485576923076923 0.0625 0.07692307692307693
0 0.35336538461538464 0.33774038461538464 0.0625 0.06971153846153846
0 0.703125 0.3473557692307692 0.055288461538461536 0.07451923076923077
0 0.8149038461538461 0.3425480769230769 0.057692307692307696 0.06971153846153846
0 0.5817307692307693 0.3317307692307692 0.057692307692307696 0.0673076923076923
0 0.24759615384615385 0.36538461538461536 0.04326923076923077 0.052884615384615384
0 0.5120192307692307 0.03125 0.07211538461538461 0.0625
0 0.8930288461538461 0.07211538461538461 0.11778846153846154 0.1201923076923077
0 0.6502403846153846 0.021634615384615384 0.06490384615384616 0.04326923076923077
0 0.3545673076923077 0.025240384615384616 0.06490384615384616 0.05048076923076923
0 0.7019230769230769 0.021634615384615384 0.057692307692307696 0.04326923076923077
0 0.8161057692307693 0.02283653846153846 0.06009615384615385 0.04567307692307692
0 0.5829326923076923 0.027644230769230768 0.06009615384615385 0.055288461538461536
0 0.24879807692307693 0.007211538461538462 0.04567307692307692 0.014423076923076924