1 0.8629807692307693 0.33052884615384615 0.07211538461538461 0.08653846153846154
1 0.2512019230769231 0.3245192307692308 0.07932692307692307 0.09375
1 0.5516826923076923 0.3449519230769231 0.055288461538461536 0.07211538461538461
1 0.7175480769230769 0.35336538461538464 0.055288461538461536 0.06490384615384616
1 0.40024038461538464 0.33413461538461536 0.05048076923076923 0.07451923076923077
1 0.4483173076923077 0.3425480769230769 0.040865384615384616 0.0625
1 0.78125 0.3449519230769231 0.04326923076923077 0.057692307692307696
1 0.5060096153846154 0.35697115384615385 0.040865384615384616 0.0625
1 0.6105769230769231 0.3449519230769231 0.04807692307692308 0.057692307692307696
1 0.8641826923076923 0.021634615384615384 0.07451923076923077 0.04326923076923077
1 0.25 0.026442307692307692 0.08173076923076923 0.052884615384615384
1 0.5504807692307693 0.010817307692307692 0.057692307692307696 0.021634615384615384
1 0.39903846153846156 0.016826923076923076 0.052884615384615384 0.03365384615384615
1 0.44711538461538464 0.009615384615384616 0.04326923076923077 0.019230769230769232
1 0.7824519230769231 0.007211538461538462 0.04567307692307692 0.014423076923076924
1 0.6117788461538461 0.007211538461538462 0.05048076923076923 0.014423076923076924