0 0.9266826923076923 0.3125 0.06490384615384616 0.08173076923076923
0 0.6478365384615384 0.32211538461538464 0.07451923076923077 0.10096153846153846
0 0.8449519230769231 0.29927884615384615 0.0889423076923077 0.10817307692307693
0 0.2692307692307692 0.30649038461538464 0.09134615384615384 0.11298076923076923
0 0.7740384615384616 0.33774038461538464 0.0625 0.07932692307692307
0 0.4519230769230769 0.3088942307692308 0.07692307692307693 0.11298076923076923
0 0.5877403846153846 0.31850961538461536 0.055288461538461536 0.0985576923076923
0 0.7115384615384616 0.33774038461538464 0.052884615384615384 0.07932692307692307
0 0.05889423076923077 0.27884615384615385 0.07932692307692307 0.10576923076923077
0 0.9266826923076923 0.08173076923076923 0.06490384615384616 0.08173076923076923
0 0.6478365384615384 0.07211538461538461 0.07451923076923077 0.10096153846153846
0 0.8449519230769231 0.09735576923076923 0.0889423076923077 0.10817307692307693
0 0.2692307692307692 0.09014423076923077 0.09134615384615384 0.11298076923076923
0 0.7740384615384616 0.05889423076923077 0.0625 0.07932692307692307
0 0.4519230769230769 0.08774038461538461 0.07692307692307693 0.11298076923076923
0 0.5877403846153846 0.078125 0.055288461538461536 0.0985576923076923
0 0.7115384615384616 0.05889423076923077 0.052884615384615384 0.07932692307692307
0 0.05889423076923077 0.11538461538461539 0.07932692307692307 0.10576923076923077